	-1253318021	-1253318021	-1253318021	-1253318021
	-1253318021	-1253318021	-1253318021	-1253318021
	-1253318021	-1253318021	-1253318021	-1253318021
	-1253318021	-1253318021	-1253318021	-1253318021
__________________________________________________
	-1253318021	-1253318021	-1253318021	-1253318021
	-1253318021	-1253318021	-1253318021	-1253318021
	-1253318021	-1253318021	-1253318021	-1253318021
	-1253318021	-1253318021	-1253318021	-1253318021
__________________________________________________
	-1253318021	-1253318021	-1253318021	-1253318021
	-1253318021	-1253318021	-1253318021	-1253318021
	-1253318021	-1253318021	-1253318021	-1253318021
	-1253318021	-1253318021	-1253318021	-1253318021
__________________________________________________
